# Topology used in the work "DeepRMSA: A Deep Reinforcement Learning Framework for Routing, Modulation and Spectrum Assignment in Elastic Optical Networks", DOI: 10.1109/jlt.2019.2923615
46
76
0 1 451		
0 2 358		
1 3 529		
1 9 660		
2 3 540		
2 4 894		
3 7 304		
4 5 335		
4 6 442		
4 7 477		
5 6 200		
5 8 453		
6 7 561		
6 12 422		
7 10 308		
7 11 495		
8 13 381		
9 10 297		
9 20 909		
10 11 210		
10 19 396		
11 12 461		
11 17 764		
11 18 743		
12 13 468		
12 14 550		
13 15 579		
14 16 373		
15 16 395		
15 21 558		
16 17 304		
16 21 342		
17 18 300		
17 22 201		
18 19 389		
18 23 447		
19 20 374		
19 24 770		
20 25 368		
21 22 338		
21 31 472		
21 32 412		
22 23 503		
22 30 542		
23 24 215		
24 26 293		
24 28 317		
25 26 378		
26 27 476		
27 28 197		
27 41 360		
28 29 308		
28 40 813		
29 30 238		
29 39 819		
30 31 214		
31 37 362		
32 33 374		
32 35 751		
32 37 562		
33 34 562		
33 35 393		
34 35 403		
35 36 321		
36 37 346		
36 39 251		
37 38 317		
38 39 454		
39 40 327		
40 41 709		
40 45 266		
41 42 376		
41 44 449		
42 43 352		
43 44 366		
44 45 178		